0 32 19 31 18
1 34 18 31 17
2 32 16 36 16
3 31 18 33 18
4 37 14 34 15
5 38 14 31 17
6 34 13 36 17
7 40 11 33 16
8 43 8 36 13
9 38 10 38 14
10 36 15 31 18
11 38 12 31 19
12 39 14 31 16
13 31 15 37 17
14 37 14 32 17
15 39 13 34 14
16 34 13 41 12
17 34 17 34 15
18 39 12 33 16
19 36 15 33 16
20 31 16 38 15
