0 35 16 32 17
1 34 17 27 22
2 34 14 29 23
3 31 21 26 22
4 34 15 28 23
5 35 16 29 20
6 34 15 29 22
7 36 15 30 19
8 35 14 31 20
9 38 11 31 20
10 33 18 32 17
11 34 17 29 20
12 36 15 29 20
13 32 15 29 24
14 33 19 29 19
15 36 14 30 20
16 34 14 29 23
17 31 20 31 18
18 34 16 31 19
19 36 16 28 20
20 33 14 29 24
